   4.0000000e+00  -1.0000000e+00   3.1933099e-02   4.5357419e-01
   7.0000000e+00   1.0000000e+00  -4.2506682e-02   3.4123528e-01
   3.0000000e+00   1.0000000e+00  -9.2941579e-02   2.9227463e-01
   1.0000000e+00   1.0000000e+00  -7.5600784e-01   2.3115554e-01
   6.0000000e+00  -1.0000000e+00   8.7634808e-02   1.8630970e-01
   5.0000000e+00  -1.0000000e+00   6.1470614e-02   1.8238058e-01
   3.0000000e+00   1.0000000e+00   3.0925349e-02   1.5045598e-01
   6.0000000e+00  -1.0000000e+00   2.3235284e-01   1.2968096e-01
   2.0000000e+00   1.0000000e+00   1.4895512e-01   1.5268350e-01
   1.0000000e+00   1.0000000e+00  -6.7594535e-01   1.3665699e-01
   8.0000000e+00  -1.0000000e+00   1.0867972e-01   1.2912835e-01
   1.0000000e+01  -1.0000000e+00  -2.7345611e-02   1.1217836e-01
   9.0000000e+00   1.0000000e+00   6.0925625e-03   8.4560018e-02
   9.0000000e+00  -1.0000000e+00   1.8732706e-01   8.6330608e-02
   4.0000000e+00  -1.0000000e+00  -5.0629124e-02   1.3163433e-01
   4.0000000e+00   1.0000000e+00   3.2254866e-02   1.1121243e-01
   4.0000000e+00  -1.0000000e+00  -2.0269191e-02   7.9775900e-02
   1.0000000e+01   1.0000000e+00  -2.1203644e-01   1.0964412e-01
   6.0000000e+00  -1.0000000e+00  -7.1746221e-02   1.0698340e-01
   2.0000000e+00  -1.0000000e+00   4.9500454e-01   7.4313862e-02
   3.0000000e+00   1.0000000e+00   6.9281372e-02   1.1327582e-01
   2.0000000e+00  -1.0000000e+00   4.9500454e-01   7.3393834e-02
   7.0000000e+00   1.0000000e+00   3.3164510e-02   1.0279136e-01
   7.0000000e+00  -1.0000000e+00  -4.0473704e-02   7.7664344e-02
   5.0000000e+00  -1.0000000e+00  -1.0205527e-02   6.4225281e-02
   2.0000000e+00  -1.0000000e+00   4.9500454e-01   7.5906302e-02
   1.0000000e+00   1.0000000e+00  -5.5802881e-01   1.0028272e-01
   5.0000000e+00  -1.0000000e+00   2.7210123e-01   7.7151417e-02
   1.0000000e+00  -1.0000000e+00  -7.6302820e-01   9.3050242e-02
   4.0000000e+00   1.0000000e+00   1.5417306e-01   7.8508805e-02
